1 7
1 58 
1 83 
1 179 
1 306 
1 311 
1 368 
1 430 
1 495 
1 557 
1 573 
1 605 
1 620 
1 640 
1 675 
1 704 
1 902 
1 925 
1 1088 
1 1124 
1 1161 
1 1203 
1 1227
1 1242 
1 1248 
1 1304 
1 1391 
1 1406 
1 1422 
1 1544 
1 1622 
1 1641 
1 1719 
1 1781 
1 1798 
1 1840 
1 1863 
1 1872 
1 1873 
1 1880 
1 2031 
1 2092 
1 2103 
1 2175 
1 2251 
1 2258 
1 2288 
1 2335 
1 2367 
1 2464 
1 2466 
1 2647 
1 2727 
1 2738 
1 2768 
1 2769 
1 2864 
1 2893 
1 2895 
1 2897 
1 2908 
1 2945 
1 2968 
1 3002 
1 3125 
1 3180 
1 3186 
1 3270 
1 3446 
1 3468 
1 3517 
1 3631 
1 3752 
1 3824 
1 3827 
1 3846 
1 3861 
1 3868 
1 3874 
1 3923 
1 3972 
1 3985 
1 4072 
1 4098 
1 4103 
1 4126 
1 4142 
1 4246 
1 4262 
1 4266 
1 4297 
1 4323 
1 4330 
1 4334 
1 4404 
1 4426 
1 4468 
1 4506 
1 4597 
1 4627 
1 4628 
1 4677 
1 4710 
1 4726 
1 4742 
1 4753 
1 4824 
1 4984 
1 5038 
1 5040 
1 5041 
1 5046 
1 5094 
1 5179 
1 5190 
1 5219 
1 5329 
1 5361 
1 5440 
1 5480 
1 5485 
1 5512 
1 5535 
1 5655 
1 5658 
1 5722 
1 5783 
1 5810 
1 5824 
1 5853 
1 5908 
1 5957 
1 6132 
1 6209 
1 6215 
1 6251 
1 6260 
1 6348 
1 6374 
1 6407 
1 6481 
1 6558 
1 6610 
1 6720 
1 6760 
1 6775 
1 6851 
1 6898 
1 6913 
1 6916 
1 6928 
1 6967 
1 6980 
1 6996 
1 7015 
1 7081 
1 7111 
1 7230 
1 7250 
1 7286 
1 7302 
1 7323 
1 7391 
1 7461 
1 7525 
1 7600 
1 7623 
1 9062 
1 7236 
1 6825 
1 4227 
1 2370 
1 5116 
1 2888 
1 1226 
1 7093 
1 7233 
1 358 
1 6991 
1 3017 
1 7055 
1 3460 
1 2416 
1 6542 
1 4231 
1 3091 
1 4029 
1 2304 
1 3203 
1 4312 
1 6252 
1 6353 
1 2012 
1 5111 
1 1113 
1 489 
1 7641 
1 5534 
1 4814 
1 363 
1 6460 
1 6015 
1 1452 
1 2596 
1 5517 
1 5806 
1 4503 
1 2019 
1 1866 
1 1757 
1 2774 
1 1888 
1 5857 
1 709 
1 1905 
1 6475 
1 3432 
1 76 
1 3105 
1 3833 
1 5107 
1 5919 
1 5938 
1 2119 
1 5705 
1 685 
1 6318 
1 2557 
1 3636 
1 1685 
1 5793 
1 3479 
1 867 
1 1340 
1 4055 
1 1350 
1 1294 
1 2393 
1 636 
1 2777 
1 3732 
1 5735 
1 67 
1 5307 
1 4746 
1 1804 
1 36 
1 6218 
1 6068 
1 6239 
1 258 
1 73 
1 3324 
1 3291 
1 6150 
1 3348 
1 2580 
1 4535 
1 3931 
1 1635 
1 631 
1 1877 
1 2709 
1 2285 
1 3376 
1 1756 
1 4558 
1 1374 
1 2914 
1 4276 
1 3477 
1 1468 
1 3230 
1 3570 
1 1275 
1 5265
1 4862
1 2810
1 3889
1 1979
1 3769
1 1049
1 5434
1 5427
1 650
1 3281